%YAML:1.0
aruco_bc_nmarkers: 24
aruco_bc_mInfoType: 1
aruco_bc_markers:
   - { id:320, corners:[ [ -9.2604167759418488e-002,
       -6.0854166746139526e-002, 0. ], [ -6.6145829856395721e-002,
       -6.0854166746139526e-002, 0. ], [ -6.6145829856395721e-002,
       -3.4395832568407059e-002, 0. ], [ -9.2604167759418488e-002,
       -3.4395832568407059e-002, 0. ] ] }
   - { id:123, corners:[ [ -6.0854166746139526e-002,
       -6.0854166746139526e-002, 0. ], [ -3.4395832568407059e-002,
       -6.0854166746139526e-002, 0. ], [ -3.4395832568407059e-002,
       -3.4395832568407059e-002, 0. ], [ -6.0854166746139526e-002,
       -3.4395832568407059e-002, 0. ] ] }
   - { id:209, corners:[ [ -2.9104165732860565e-002,
       -6.0854166746139526e-002, 0. ], [ -2.6458334177732468e-003,
       -6.0854166746139526e-002, 0. ], [ -2.6458334177732468e-003,
       -3.4395832568407059e-002, 0. ], [ -2.9104165732860565e-002,
       -3.4395832568407059e-002, 0. ] ] }
   - { id:429, corners:[ [ 2.6458334177732468e-003,
       -6.0854166746139526e-002, 0. ], [ 2.9104165732860565e-002,
       -6.0854166746139526e-002, 0. ], [ 2.9104165732860565e-002,
       -3.4395832568407059e-002, 0. ], [ 2.6458334177732468e-003,
       -3.4395832568407059e-002, 0. ] ] }
   - { id:905, corners:[ [ 3.4395832568407059e-002,
       -6.0854166746139526e-002, 0. ], [ 6.0854166746139526e-002,
       -6.0854166746139526e-002, 0. ], [ 6.0854166746139526e-002,
       -3.4395832568407059e-002, 0. ], [ 3.4395832568407059e-002,
       -3.4395832568407059e-002, 0. ] ] }
   - { id:225, corners:[ [ 6.6145829856395721e-002,
       -6.0854166746139526e-002, 0. ], [ 9.2604167759418488e-002,
       -6.0854166746139526e-002, 0. ], [ 9.2604167759418488e-002,
       -3.4395832568407059e-002, 0. ], [ 6.6145829856395721e-002,
       -3.4395832568407059e-002, 0. ] ] }
   - { id:75, corners:[ [ -9.2604167759418488e-002,
       -2.9104165732860565e-002, 0. ], [ -6.6145829856395721e-002,
       -2.9104165732860565e-002, 0. ], [ -6.6145829856395721e-002,
       -2.6458334177732468e-003, 0. ], [ -9.2604167759418488e-002,
       -2.6458334177732468e-003, 0. ] ] }
   - { id:224, corners:[ [ -6.0854166746139526e-002,
       -2.9104165732860565e-002, 0. ], [ -3.4395832568407059e-002,
       -2.9104165732860565e-002, 0. ], [ -3.4395832568407059e-002,
       -2.6458334177732468e-003, 0. ], [ -6.0854166746139526e-002,
       -2.6458334177732468e-003, 0. ] ] }
   - { id:608, corners:[ [ -2.9104165732860565e-002,
       -2.9104165732860565e-002, 0. ], [ -2.6458334177732468e-003,
       -2.9104165732860565e-002, 0. ], [ -2.6458334177732468e-003,
       -2.6458334177732468e-003, 0. ], [ -2.9104165732860565e-002,
       -2.6458334177732468e-003, 0. ] ] }
   - { id:89, corners:[ [ 2.6458334177732468e-003,
       -2.9104165732860565e-002, 0. ], [ 2.9104165732860565e-002,
       -2.9104165732860565e-002, 0. ], [ 2.9104165732860565e-002,
       -2.6458334177732468e-003, 0. ], [ 2.6458334177732468e-003,
       -2.6458334177732468e-003, 0. ] ] }
   - { id:335, corners:[ [ 3.4395832568407059e-002,
       -2.9104165732860565e-002, 0. ], [ 6.0854166746139526e-002,
       -2.9104165732860565e-002, 0. ], [ 6.0854166746139526e-002,
       -2.6458334177732468e-003, 0. ], [ 3.4395832568407059e-002,
       -2.6458334177732468e-003, 0. ] ] }
   - { id:677, corners:[ [ 6.6145829856395721e-002,
       -2.9104165732860565e-002, 0. ], [ 9.2604167759418488e-002,
       -2.9104165732860565e-002, 0. ], [ 9.2604167759418488e-002,
       -2.6458334177732468e-003, 0. ], [ 6.6145829856395721e-002,
       -2.6458334177732468e-003, 0. ] ] }
   - { id:659, corners:[ [ -9.2604167759418488e-002,
       2.6458334177732468e-003, 0. ], [ -6.6145829856395721e-002,
       2.6458334177732468e-003, 0. ], [ -6.6145829856395721e-002,
       2.9104165732860565e-002, 0. ], [ -9.2604167759418488e-002,
       2.9104165732860565e-002, 0. ] ] }
   - { id:462, corners:[ [ -6.0854166746139526e-002,
       2.6458334177732468e-003, 0. ], [ -3.4395832568407059e-002,
       2.6458334177732468e-003, 0. ], [ -3.4395832568407059e-002,
       2.9104165732860565e-002, 0. ], [ -6.0854166746139526e-002,
       2.9104165732860565e-002, 0. ] ] }
   - { id:1007, corners:[ [ -2.9104165732860565e-002,
       2.6458334177732468e-003, 0. ], [ -2.6458334177732468e-003,
       2.6458334177732468e-003, 0. ], [ -2.6458334177732468e-003,
       2.9104165732860565e-002, 0. ], [ -2.9104165732860565e-002,
       2.9104165732860565e-002, 0. ] ] }
   - { id:567, corners:[ [ 2.6458334177732468e-003,
       2.6458334177732468e-003, 0. ], [ 2.9104165732860565e-002,
       2.6458334177732468e-003, 0. ], [ 2.9104165732860565e-002,
       2.9104165732860565e-002, 0. ], [ 2.6458334177732468e-003,
       2.9104165732860565e-002, 0. ] ] }
   - { id:983, corners:[ [ 3.4395832568407059e-002,
       2.6458334177732468e-003, 0. ], [ 6.0854166746139526e-002,
       2.6458334177732468e-003, 0. ], [ 6.0854166746139526e-002,
       2.9104165732860565e-002, 0. ], [ 3.4395832568407059e-002,
       2.9104165732860565e-002, 0. ] ] }
   - { id:539, corners:[ [ 6.6145829856395721e-002,
       2.6458334177732468e-003, 0. ], [ 9.2604167759418488e-002,
       2.6458334177732468e-003, 0. ], [ 9.2604167759418488e-002,
       2.9104165732860565e-002, 0. ], [ 6.6145829856395721e-002,
       2.9104165732860565e-002, 0. ] ] }
   - { id:748, corners:[ [ -9.2604167759418488e-002,
       3.4395832568407059e-002, 0. ], [ -6.6145829856395721e-002,
       3.4395832568407059e-002, 0. ], [ -6.6145829856395721e-002,
       6.0854166746139526e-002, 0. ], [ -9.2604167759418488e-002,
       6.0854166746139526e-002, 0. ] ] }
   - { id:505, corners:[ [ -6.0854166746139526e-002,
       3.4395832568407059e-002, 0. ], [ -3.4395832568407059e-002,
       3.4395832568407059e-002, 0. ], [ -3.4395832568407059e-002,
       6.0854166746139526e-002, 0. ], [ -6.0854166746139526e-002,
       6.0854166746139526e-002, 0. ] ] }
   - { id:273, corners:[ [ -2.9104165732860565e-002,
       3.4395832568407059e-002, 0. ], [ -2.6458334177732468e-003,
       3.4395832568407059e-002, 0. ], [ -2.6458334177732468e-003,
       6.0854166746139526e-002, 0. ], [ -2.9104165732860565e-002,
       6.0854166746139526e-002, 0. ] ] }
   - { id:182, corners:[ [ 2.6458334177732468e-003,
       3.4395832568407059e-002, 0. ], [ 2.9104165732860565e-002,
       3.4395832568407059e-002, 0. ], [ 2.9104165732860565e-002,
       6.0854166746139526e-002, 0. ], [ 2.6458334177732468e-003,
       6.0854166746139526e-002, 0. ] ] }
   - { id:536, corners:[ [ 3.4395832568407059e-002,
       3.4395832568407059e-002, 0. ], [ 6.0854166746139526e-002,
       3.4395832568407059e-002, 0. ], [ 6.0854166746139526e-002,
       6.0854166746139526e-002, 0. ], [ 3.4395832568407059e-002,
       6.0854166746139526e-002, 0. ] ] }
   - { id:767, corners:[ [ 6.6145829856395721e-002,
       3.4395832568407059e-002, 0. ], [ 9.2604167759418488e-002,
       3.4395832568407059e-002, 0. ], [ 9.2604167759418488e-002,
       6.0854166746139526e-002, 0. ], [ 6.6145829856395721e-002,
       6.0854166746139526e-002, 0. ] ] }
