%YAML:1.0
image_width: 640
image_height: 480
camera_matrix: !!opencv-matrix
   rows: 3
   cols: 3
   dt: d
   data: [ 1.5703668397572596e+003, 0., 2.5808302529182777e+002, 0.,
       1.5023269959868146e+003, 2.7392020414259969e+002, 0., 0., 1. ]
distortion_coefficients: !!opencv-matrix
   rows: 1
   cols: 5
   dt: d
   data: [ -1.3038860634560518e+000, 3.1764638003752123e+002,
       1.1400593481285802e-001, -2.3597228473339646e-001,
       -5.2307078274342712e+003 ]
