%YAML:1.0
aruco_bc_nmarkers: 1
aruco_bc_mInfoType: 1
aruco_bc_markers:
   - { id:314, corners:[ [ -1.3229165971279144e-001,
       -1.3229165971279144e-001, 0. ], [ 1.3229165971279144e-001,
       -1.3229165971279144e-001, 0. ], [ 1.3229165971279144e-001,
       1.3229165971279144e-001, 0. ], [ -1.3229165971279144e-001,
       1.3229165971279144e-001, 0. ] ] }
