<?xml version="1.0"?>
<opencv_storage>
<calibration_Time>"05/15/17 19:11:03"</calibration_Time>
<nrOfFrames>25</nrOfFrames>
<image_Width>640</image_Width>
<image_Height>480</image_Height>
<board_Width>9</board_Width>
<board_Height>6</board_Height>
<square_Size>50.</square_Size>
<FixAspectRatio>1.</FixAspectRatio>
<!-- flags:  +fix_aspectRatio +fix_principal_point +zero_tangent_dist -->
<flagValue>14</flagValue>
<Camera_Matrix type_id="opencv-matrix">
  <rows>3</rows>
  <cols>3</cols>
  <dt>d</dt>
  <data>
    1.0082556557361845e+003 0. 3.1950000000000000e+002 0.
    1.0082556557361845e+003 2.3950000000000000e+002 0. 0. 1.</data></Camera_Matrix>
<Distortion_Coefficients type_id="opencv-matrix">
  <rows>5</rows>
  <cols>1</cols>
  <dt>d</dt>
  <data>
    1.1118074081051850e+000 -1.9326413264051261e+001 0. 0.
    8.8738609954335757e+001</data></Distortion_Coefficients>
<Avg_Reprojection_Error>4.3168631199537033e-001</Avg_Reprojection_Error>
<Per_View_Reprojection_Errors type_id="opencv-matrix">
  <rows>25</rows>
  <cols>1</cols>
  <dt>f</dt>
  <data>
    4.97181743e-001 5.10017872e-001 4.84644592e-001 4.43233490e-001
    4.42956090e-001 4.32629019e-001 4.56530631e-001 3.68165702e-001
    4.14371490e-001 5.04820406e-001 5.72544515e-001 3.16939533e-001
    3.53713036e-001 3.56543779e-001 3.54342759e-001 3.88849795e-001
    3.93596470e-001 3.78433436e-001 2.90521383e-001 3.33947778e-001
    3.36422026e-001 3.09205532e-001 8.22632194e-001 2.70378500e-001
    3.95428687e-001</data></Per_View_Reprojection_Errors>
<!-- a set of 6-tuples (rotation vector + translation vector) for each view -->
<Extrinsic_Parameters type_id="opencv-matrix">
  <rows>25</rows>
  <cols>6</cols>
  <dt>d</dt>
  <data>
    -1.6906926604258066e-001 1.9479982126087939e-001
    -3.0899123898934682e+000 3.0202724945230682e+002
    2.1869305176665171e+002 2.0273667643364579e+003
    -1.7281696757157614e-001 1.8603248732415920e-001
    -3.0841583430297832e+000 3.0277402173248674e+002
    2.2289817374645878e+002 2.0245903715390398e+003
    -1.4108777110911438e-001 1.9933696951295460e-001
    -3.0892439081727479e+000 2.9953587305950788e+002
    2.1840740359746661e+002 2.0366538517610306e+003
    -1.2667085670942579e-001 1.8583090515506842e-001
    -3.0976971908148370e+000 2.9802659312926824e+002
    2.1285344383141995e+002 2.0435344613116943e+003
    -1.2827082765318532e-001 1.9251760299380238e-001
    -3.1042075650248488e+000 2.9334228732697312e+002
    2.0910851829053496e+002 2.0542095468272300e+003
    -1.3254991747571998e-001 1.9447139534841631e-001
    -3.1072266789928857e+000 2.9057811233848452e+002
    2.0776183246517527e+002 2.0552305594956292e+003
    -1.6801473082501289e-001 1.7431732527465230e-001
    -3.1034414458459980e+000 2.8949263834279742e+002
    2.1000483144040533e+002 2.0408476715217830e+003
    -1.6784490636614810e-001 1.7274916546118452e-001
    -3.1003311722781048e+000 3.0087949492811168e+002
    2.1167797751242617e+002 2.0398157427828539e+003
    -1.7021863851018690e-001 2.5625676973624723e-001
    -3.1054788744217809e+000 3.3805984192022544e+002
    2.0657836136777348e+002 2.0459740899524800e+003
    1.6153225727754369e-001 -3.0267453580963127e-001
    3.1218311130656042e+000 4.1703478428789123e+002
    1.9812348643901169e+002 2.0207868340037569e+003
    -1.8813564221449955e-001 1.9605203738198945e-001
    -3.0971275325775394e+000 4.7839473252634946e+002
    2.0107543433953549e+002 1.9637533548954539e+003
    2.0310375487178144e-002 9.2232440484354250e-002
    -3.0904992780682279e+000 3.2411064118372735e+002
    2.1838304528326222e+002 1.9343786282988078e+003
    -1.2328057498901876e-001 1.6530884918127572e-001
    -3.0913328464852525e+000 8.9191279797634280e+001
    2.1101634119227850e+002 1.9570996891790198e+003
    -1.1864450446312180e-001 1.8321915518566165e-001
    -3.0897755182914644e+000 9.1975446064799613e+001
    2.1142495261928414e+002 1.9647956311817313e+003
    -1.2984373804495569e-001 1.5801077586172324e-001
    -3.0892461776349038e+000 9.3612195438015235e+001
    2.1263624111166789e+002 1.9581381073897737e+003
    -1.0616697141389245e-001 1.4394081082369373e-001
    -3.0857322875799302e+000 8.3978940843514891e+001
    2.1393183218597960e+002 1.9650988007779445e+003
    -7.3087557466168296e-002 1.6947705621144929e-001
    -3.0863437150856861e+000 4.9606371025523558e+001
    2.1415128384704860e+002 1.9737320603698045e+003
    -1.0674752696202693e-001 5.8744890337980575e-002
    -3.0992661279696643e+000 5.8278945000606996e-001
    2.1362874907554041e+002 1.9504903508651757e+003
    -1.3992760185932576e-001 2.6902355410895425e-002
    -3.1076901638019443e+000 -4.0032822961196523e+001
    2.1484067140157967e+002 1.9474946078843932e+003
    -1.7831611672842965e-001 1.1024400880176653e-001
    -3.1026812760991951e+000 -6.8046136634605816e+001
    2.2062817290951656e+002 1.9620345813756246e+003
    -1.9213565423639145e-001 3.8208361562501778e-002
    -3.0963491859598946e+000 -9.6178574235033281e+001
    2.2346767105500612e+002 1.9581831738784019e+003
    -1.6308127383330276e-001 7.3247221027502515e-002
    -3.1072507906117499e+000 -1.3967275683138314e+002
    2.2685188019370310e+002 1.9739206500532505e+003
    -2.6590350042538380e-001 1.0800883157359160e-001
    -3.1127256806793993e+000 -1.6683633040904047e+002
    2.2813918094153772e+002 1.9455156608976793e+003
    -2.8971604174154203e-001 7.2238324872055282e-002
    -3.1154204295170200e+000 -1.8892543969847696e+002
    2.3166548507485163e+002 1.9604098283293497e+003
    -3.2272094976380139e-001 1.4167107761073156e-001
    -3.1062353251049077e+000 -2.1704710820281318e+002
    2.3459622200415956e+002 1.9877403882872977e+003</data></Extrinsic_Parameters>
